0.8
0.8
0.8
0.8
0.8
0.8
0.8
0.8
0.8
0.836475860573393
0.855157485542945
0.863049704190357
0.864586686856551
0.862558650982681
0.858704001238097
0.854088418075569
0.849348057868515
0.844845908712292
0.840772511451598
0.837210937833628
0.834178730127903
0.831654937137252
0.829597472428463
0.827954165019102
0.826669686179553
0.825689774773747
0.824963693184366
0.824445528354264
0.824094745612654
0.82387626719744
0.823760257553701
0.82372173750951
0.82374010900955
0.823798644600354
0.823883977021214
0.823985611264815
0.824095472489524
0.824207496963561
0.824317268970866
0.82442170374108
0.824518774585569
0.824607281247627
0.82468665580647
0.824756802164895
0.824817965091718
0.82487062490272
0.824915414088655
0.824953052492239
0.824984297965853
0.825009909784696
0.825030622429849
0.82504712768094
0.825060063261362
0.825070006556123
0.82507747217114
0.825082912322694
0.825086719237532
0.825089228909134
0.825090725695994
0.825091447365606
0.825091590285615
0.825091314543627
0.825090748841888
0.825089995064516
0.825089132455254
0.825088221374651
0.825087306628734
0.825086420378078
0.825085584647905
0.825084813467544
0.825084114672119
0.825083491401431
0.825082943331366
0.825082467672169
0.825082059966068
0.82508171471431
0.825081425860895
0.825081187157398
0.825080992430354
0.825080835769895
0.825080711655649
0.825080615033511
0.825080541354672
0.825080486586338
0.825080447201839
0.825080420156342
0.825080402853098
0.825080393104062
0.825080389087839
0.825080389307142
0.825080392547347
0.825080397837253
0.825080404412734
0.825080411683719
0.825080419204655
0.825080426648472
0.825080433783942
0.825080440456227
0.825080446570375
0.825080452077482
0.825080456963231
0.825080461238522
0.825080464931912
0.825080468083615
0.825080470740809
0.825080472954045
0.825080474774572
0.825080476252387
0.825080477434897
0.825080478366044
0.825080479085795
0.825080479629916
0.825080480029955
0.825080480313368
0.825080480503754
0.825080480621151
0.825080480682366
0.825080480701331
0.825080480689441
0.825080480655894
0.825080480608005
0.825080480551489
0.825080480490727
0.825080480428998
0.825080480368677
0.825080480311414
0.825080480258285
0.825080480209919
0.825080480166605
0.825080480128374
0.82508048009508
0.825080480066447
0.825080480042121
0.825080480021701
0.825080480004769
0.82508055351729
0.825080766038382
0.825081149233711
0.825081700264328
0.825082390484343
0.825083176016773
0.825084007006645
0.825084834520918
0.825085615078807
0.825086313205141
0.825086902507624
0.825087365749865
0.825087694310811
0.825087887329525
0.82508795075084
0.825087896418934
0.825087741313373
0.825087506137647
0.825087213074434
0.825086883734068
0.825086537656566
0.825086191410801
0.825085858201897
0.825085547858061
0.825085267071506
0.825084476184508
0.825083198576406
0.825081646639993
0.825080050282649
0.825078589861794
0.825077379940593
0.825076475373551
0.825075885197667
0.825075587403444
0.825075541671517
0.825075699184644
0.825076009572047
0.825076425425414
0.825076904925734
0.825077413090067
0.825077922066753
0.825078410815995
0.825078864427881
0.825079273258683
0.825079632009612
0.825079938829081
0.825080194487745
0.825080401652731
0.825080564271793
0.82508068706756
0.825080775135463
0.825080833635095
0.825080867562908
0.825080881593629
0.825080879978164
0.825080866486631
0.825080844386413
0.825080816446437
0.825080784960245
0.825080751781733
0.825080718368628
0.825080685829813
0.825080654973585
0.825080626354654
0.775080626354654
0.726520666056295
0.703947177891401
0.696874282475749
0.69868711844578
0.705247042935972
0.713999395804038
0.723401594147955
0.732555775555069
0.740972348924326
0.748417547637177
0.754815053759985
0.76018254821024
0.764590904736106
0.768138119640347
0.770932863299274
0.773084329636875
0.774696210901822
0.775863368894296
0.776670257140886
0.777190464772246
0.777486961418897
0.77761276118227
0.777611816886174
0.77752001892557
0.77736621615001
0.777173205879947
0.776958660640181
0.776735973347717
0.776515012419881
0.776302784873594
0.776104009868684
0.775921607940355
0.77575711282093
0.77561101359619
0.775483035217133
0.775372365270507
0.775277834532497
0.775198058286296
0.77513154474763
0.775076776264576
0.775032268276514
0.774996610357482
0.774968493048846
0.774946723615479
0.774930233344372
0.774918078546579
0.774909437022217
0.774903601401299
0.774899970477027
0.774898039398294
0.774897389380011
0.774897677418622
0.774898626361098
0.774900015564453
0.774901672295179
0.77490346395026
0.774905291130205
0.774907081556889
0.774908784802319
0.774910367776493
0.7749118109115
0.774913104973367
0.774914248431128
0.774915245313708
0.774916103488408
0.774916833299374
0.774917446509761
0.774917955497033
0.774918372656651
0.774918709975071
0.774918978738343
0.774919189347598
0.774919351217245
0.774919472735782
0.774919561272725
0.774919623218259
0.774919664044958
0.774919688383174
0.774919700103646
0.774919702402433
0.774919697884632
0.774919688644338
0.77491967633921
0.77491966225861
0.774919647384843
0.774919632447359
0.774919617967895
0.774919604300545
0.774919591667358
0.774919580189236
0.774919569911929
0.774919560827262
0.774919552889986
0.774919546030801
0.77491954016616
0.774919535205477
0.774919531056255
0.774919527627633
0.774919524832719
0.774919522590026
0.774919520824256
0.774919519466607
0.77491951845475
0.774919517732606
0.774919517250019
0.774919516962428
0.774919516830535
0.774919516819999
0.774919516901136
0.774919517048612
0.774919517241133
0.774919517469214
0.774919517730038
0.774919518021487
0.774919518338713
0.774919518673286
0.774919519014009
0.774919519348438
0.774919519664479
0.774919519951656
0.774919520201941
0.774919520410131
0.774919520573848
0.774919520693266
0.774919520770681
0.774919420022317
0.77491908243078
0.774918423393077
0.774917426880784
0.774916133952127
0.774914622781837
0.774912989322473
0.774911332023768
0.774909741280919
0.774908293083895
0.77490704593415
0.774906040066717
0.774905298145328
0.774904826774933
0.774904618348113
0.774904652888149
0.774904899666659
0.774905319619152
0.774905869310234
0.774906505158288
0.774907186779771
0.774907879166635
0.77490855379135
0.774909188872002
0.774909769050337
0.774911029860929
0.774913278825145
0.774916210090222
0.774919374861862
0.774922381246648
0.774924958718318
0.774926959997219
0.774928338179494
0.774929117748697
0.774929367822421
0.774929180688046
0.774928656109632
0.774927890767929
0.774926971817978
0.774925973527186
0.774924956086154
0.774923965860772
0.774923036528032
0.774922190689086
0.774921441675533
0.774920795359672
0.774920251850226
0.774919807006291
0.774919453738197
0.774919183088282
0.77491898510028
0.774918849495393
0.774918766178075
0.77491872559644
0.774918718982002
0.774918738492
0.774918777275332
0.774918829480504
0.774918890221304
0.7749189555133
0.774919022191756
0.774919087819398
0.774919150590493
0.774919209236055
0.774919262933612
0.774919311223826
0.774919353935349
0.774919391118586
0.774919422988528
0.774919449876371
0.774919472189428
0.774919490378616
0.774919504912718
0.774919516258597
0.824919516258597
0.874919516258597
0.924919516258597
0.968910272483958
0.984680337363997
0.984127798983745
0.97470586482423
0.961025737568239
0.94588330439216
0.930918088577046
0.91703700841503
0.904687336192266
0.894032684107537
0.885066424713363
0.877684601382486
0.871732514980036
0.867034148920138
0.863410378485154
0.860689843982032
0.858715033930917
0.857345259371614
0.856457635430848
0.855946814590986
0.855723969487913
0.855715357983584
0.855860691761218
0.856111453756961
0.856429257673617
0.85678430696276
0.857153985947481
0.8575215987992
0.857875260576998
0.858206936900589
0.858511623947692
0.858786657553558
0.859031138675486
0.859245461953203
0.859430934241696
0.859589470591044
0.859723356031351
0.859835062567653
0.859927111910555
0.860001975599649
0.860062005274268
0.860109386880396
0.860146113555189
0.860173972791858
0.860194544253823
0.860209205278807
0.860219141694895
0.860225362067266
0.860228713913581
0.860229900775411
0.860229499321149
0.860227975889939
0.860225702073375
0.860222969079331
0.860220000736444
0.860216965084341
0.860213984558364
0.860211144822915
0.860208502338038
0.860206090762864
0.860203926309562
0.860202012164777
0.860200342093915
0.860198903338548
0.860197678909852
0.860196649372195
0.860195794201512
0.86019509279347
0.860194525186962
0.860194072559486
0.860193717542587
0.860193444397955
0.860193239087905
0.860193089267968
0.860192984227047
0.860192914789463
0.860192873190519
0.860192852937454
0.860192848665515
0.860192855996275
0.860192871402949
0.860192892085623
0.860192915857937
0.860192941045802
0.860192966398093
0.860192991008829
0.860193014250114
0.860193035714954
0.860193055169002
0.860193072510276
0.860193087735907
0.860193100915006
0.860193112166723
0.860193121642697
0.860193129513203
0.860193135956399
0.86019314115019
0.860193145266266
0.860193148465934
0.860193150886312
0.860193152640276
0.860193153826559
0.860193154537572
0.860193154862597
0.860193154887451
0.86019315469238
0.860193154349579
0.860193153921201
0.860193153458223
0.860193153000209
0.860193152575856
0.860193152204097
0.860193151895544
0.860193151654075
0.860193151478427
0.860193151363658
0.860193151302446
0.860193151286163
0.860193151305735
0.860193151352281
0.860193151417578
0.860193151494343
0.860193151576402
0.860193252446444
0.860193593025776
0.860194314303699
0.860195527708992
0.860197256421144
0.860199438974917
0.860201954945616
0.860204653802411
0.86020737915312
0.860209986140893
0.860212352281937
0.86021438300302
0.860216013343118
0.860217207150443
0.860217954852736
0.860218270610896
0.860218189429561
0.860217763448113
0.860217056790842
0.860216139740554
0.8602150827833
0.860213951459221
0.860212802835877
0.860211683626573
0.860210629658092
0.860208921154272
0.860206240364781
0.860202503411755
0.860197845227225
0.860192836888115
0.86018805782078
0.860183936366026
0.86018071883213
0.860178493269497
0.860177230797992
0.860176827117004
0.860177137193643
0.860178001285401
0.860179262812024
0.860180779492253
0.860182429344059
0.860184113008275
0.860185753600179
0.860187295021435
0.860188699419848
0.860189944281933
0.860191019484554
0.860191924512243
0.860192665959542
0.860193255376108
0.860193707470381
0.860194038660309
0.86019426594316
0.860194406047475
0.86019447482667
0.860194486853707
0.860194455178493
0.86019439121318
0.860194304714775
0.860194203838887
0.86019409524279
0.860193984220035
0.860193874852525
0.860193770169177
0.860193672303084
0.860193582641376
0.860193501963897
0.860193430568337
0.860193368380645
0.860193315050431
0.86019327003177
0.860193232650229
0.860193202157286
0.860193177773444
0.910193177773444
0.936867561984531
0.948232030761959
0.950569562036415
0.94783451221691
0.942491391701003
0.936051816328295
0.929418959575253
0.923108989124594
0.917393702497819
0.912392541224989
0.908131979720943
0.904583811326103
0.901689732704539
0.899376999169302
0.897568242741326
0.896187466585651
0.895163535022769
0.894432028740454
0.893936041988603
0.893626306401177
0.893460898982955
0.893404706955942
0.893428764999469
0.893509541558786
0.893628224268435
0.893770036179733
0.893923601789606
0.894080373104309
0.894234119963995
0.894380484799322
0.894516599329716
0.894640759048996
0.894752150393338
0.894850625042438
0.894936515715147
0.895010487973504
0.895073422860546
0.895126325606026
0.895170256094811
0.895206277272548
0.895235418138953
0.89525864843472
0.895276862553383
0.895290870598093
0.895301394852405
0.89530907024284
0.895314447640291
0.89531799907919
0.895320124170524
0.895321157150408
0.895321374143406
0.895321000332572
0.895320216818949
0.895319167025668
0.895317962558488
0.895316688478186
0.895315407972941
0.895314166442743
0.895312995024516
0.895311913597493
0.895310933314839
0.895310058710509
0.89530928943079
0.895308621638675
0.895308049136557
0.89530756424939
0.895307158506538
0.895306823156531
0.895306549544823
0.895306329380751
0.895306154916165
0.89530601905479
0.8953059154083
0.895305838312351
0.895305782813392
0.895305744635009
0.895305720127759
0.895305706211465
0.895305700315157
0.895305700318078
0.895305704494846
0.895305711464697
0.895305720144243
0.895305729703435
0.895305739524762
0.895305749165918
0.895305758326188
0.895305766816746
0.89530577453491
0.895305781442284
0.895305787546557
0.895305792886672
0.895305797520993
0.895305801518114
0.895305804949982
0.895305807887016
0.895305810394936
0.895305812532959
0.895305814353062
0.895305815899997
0.895305817211792
0.895305818331631
0.895305819307579
0.89530582018848
0.895305821018382
0.895305821827375
0.895305822627627
0.895305823414848
0.895305824172984
0.89530582487993
0.895305825512744
0.895305826051602
0.895305826482269
0.895305826797203
0.89530582699558
0.895305827082568
0.895305827068153
0.895305826965782
0.895305826790997
0.895305826560201
0.895305826289616
0.895305825994476
0.895305825688447
0.895305825383266
0.895305825088567
0.89530592559962
0.895306218828423
0.895306750099398
0.895307516449021
0.89530847852838
0.895309575354726
0.895310737304732
0.895311895843404
0.895312989936019
0.895313969680789
0.895314797860337
0.895315450073414
0.89531591399614
0.895316188193966
0.895316280788526
0.895316208187283
0.895315994009836
0.895315667130789
0.89531525856148
0.895314798572169
0.895314314578666
0.895313829863709
0.895313363012425
0.895312927882789
0.895312533935454
0.895311441619345
0.895309667208082
0.895307502526842
0.89530526893416
0.895303220378944
0.895301519172973
0.89530024385803
0.895299408425348
0.895298982969302
0.895298911578151
0.895299126156306
0.895299556230233
0.895300135341825
0.895300804781204
0.895301515372526
0.895302227915103
0.895302912754169
0.895303548836724
0.89530412250766
0.895304626221696
0.895305057285878
0.895305416702482
0.895305708150066
0.895305937118056
0.895306110195483
0.895306234505051
0.895306317268311
0.895306365485057
0.895306385709306
0.895306383904704
0.895306365363465
0.895306334674613
0.895306295729207
0.895306251752094
0.895306205351577
0.895306158580043
0.895306113000126
0.89530606975222
0.89530602962033
0.895305993094094
0.895305960425622
0.895305931680327
0.895305906781423
0.895305885548092
0.895305867727549
0.895305853021454
0.895305841107151
0.895305831654348
0.895305824337799
0.8953058188466
