0.8
0.8
0.8
0.8
0.8
0.8
0.8
0.8
0.8
0.85
0.8
0.801012507653061
0.802025015306122
0.803037522959184
0.804050030612245
0.805062538265306
0.806075045918367
0.807087553571428
0.808100061224489
0.808107354858928
0.808192219314121
0.809200964795526
0.810166556626887
0.81108998159152
0.811972051009951
0.812813426954632
0.813614644788345
0.814376132528068
0.81509822746845
0.8158013995449
0.816502935436684
0.8171826312183
0.817824084602032
0.818429145498227
0.818999561223298
0.819536995421264
0.820043044052922
0.820519248881165
0.820967108819895
0.821387683171864
0.821781287372955
0.822148316860734
0.822489873885586
0.822807323547353
0.823101953563262
0.823374981248238
0.823627559158676
0.823860779614359
0.824075678280513
0.824273245132463
0.824454448580347
0.824620248277865
0.824771579622174
0.824909335490522
0.825034363211082
0.82514746767308
0.825249414048487
0.825340930202593
0.825422708857917
0.825495409400907
0.825559658946599
0.825616052661082
0.825665154138678
0.825707496425166
0.825743583431067
0.825773891327566
0.825798869823271
0.825818943340878
0.825834512108896
0.825845953183571
0.825853621425128
0.825857850458894
0.825858953635108
0.825857224973958
0.825852940076409
0.825846356994284
0.825837717062646
0.825827245698808
0.825815153171439
0.825801635342499
0.825786874383864
0.825771039469326
0.825754287441797
0.825736763455483
0.825718601593462
0.825699925461543
0.825680848759373
0.825661475829557
0.825641902185459
0.825622215018219
0.825602493683433
0.825582810167933
0.82556322953711
0.825543810363246
0.825524605135325
0.825505660650839
0.825487018390005
0.825468714872905
0.825450781999946
0.825433247376133
0.825416134619577
0.825399463654706
0.825383250990639
0.825367509985167
0.825352251094821
0.825337482111477
0.825323208385955
0.825309433039065
0.825296157160561
0.825283379996454
0.82527109912512
0.825259310622664
0.825248009217952
0.82523718843778
0.825226840742557
0.825216957652968
0.825207529867981
0.825198547374632
0.825189999549968
0.825181875255516
0.825174162924675
0.825166850643368
0.825159926224326
0.825153377275331
0.825147191261753
0.825141355563693
0.825135857528049
0.825130684515792
0.825125823944748
0.825121263328144
0.825116990309201
0.825112992692005
0.825109258468915
0.825105775844736
0.82510253325786
0.825099519398618
0.825096723224999
0.825094133975982
0.82509174118261
0.825089534677004
0.825087504599488
0.825085641403952
0.825083935861622
0.825082379063365
0.825080962420661
0.825079677665367
0.825078516848379
0.825077472337309
0.825076536813275
0.825075703266899
0.8250749649936
0.825074315588273
0.82507374893941
0.825073259222766
0.825072840894611
0.825072488684633
0.825072197588571
0.825071962860598
0.825071780005528
0.82507164477088
0.825071553138847
0.825071501318195
0.825071485736137
0.825071503030218
0.82507155004022
0.82507162380013
0.82507172153019
0.825071840629033
0.825071978665958
0.825072133373314
0.825072302639055
0.825072484499437
0.825072677131896
0.8250728788481
0.825073088087184
0.825073303409187
0.825073523488678
0.825073747108585
0.825073973154231
0.825074200607565
0.825074428541615
0.825074656115132
0.825074882567443
0.825075107213515
0.825075329439215
0.825075548696762
0.825075764500392
0.825075976422203
0.825076184088193
0.825076387174487
0.825076585403738
0.82507677854171
0.82507696639403
0.825077148803112
0.825077325645232
0.825077496827775
0.825077662286619
0.825077821983673
0.82507797590456
0.77507797590456
0.82507797590456
0.823053097309661
0.821028213076415
0.819003323278757
0.816978428003083
0.814953527346769
0.812928621416798
0.810903710328485
0.808878794204282
0.80785909016979
0.806761816152335
0.804761014803047
0.802842503178261
0.801004958637029
0.799247315263159
0.797568724472331
0.795968521203057
0.794446194925719
0.793001364807385
0.791613549295309
0.790265476019876
0.788976974981853
0.787763336060267
0.786621275094415
0.785547643302024
0.784539399943629
0.78359358933284
0.782707321551223
0.781877756318333
0.781102495837132
0.780379885865184
0.779708197503978
0.779085021111151
0.778507729258394
0.777973821119292
0.777480913410419
0.777026733239147
0.7766091125443
0.776225983863863
0.775875369036763
0.775555355001774
0.775264080954323
0.774999753367216
0.774760663071087
0.774545186720657
0.774351782135447
0.774178984135665
0.774025400764306
0.773889709805126
0.773770655685943
0.773667047134908
0.7735777555795
0.773501713495655
0.773437912135075
0.773385398904815
0.773343274811215
0.773310692065753
0.773286851828991
0.77327100207426
0.773262435553936
0.773260487843269
0.773264535430986
0.773273993842935
0.773288315811967
0.773306989512653
0.773329536866102
0.773355511910749
0.773384499233834
0.773416112459424
0.773449992789607
0.773485807596517
0.773523249063938
0.77356203287822
0.773601896968147
0.773642600292886
0.773683921676577
0.773725658688209
0.773767626565492
0.773809657181663
0.773851598054214
0.773893311394676
0.773934673198509
0.773975572374244
0.774015909910906
0.77405559808276
0.774094559690416
0.774132727337324
0.774170042740722
0.774206456076058
0.774241925353946
0.77427641582869
0.774309899437387
0.774342354268671
0.774373764060073
0.774404117723074
0.774433408894829
0.77446163551564
0.774488799431185
0.774514906018561
0.774539963835211
0.774563984289773
0.774586981333968
0.774608971174587
0.774629972004719
0.77465000375333
0.774669087852341
0.774687247020388
0.774704505062426
0.774720886684406
0.774736417322251
0.774751122984374
0.774765030107019
0.774778165421735
0.774790555834289
0.774802228314371
0.774813209795459
0.774823527084249
0.774833206779042
0.774842275196562
0.774850758306632
0.774858681674225
0.774866070408393
0.77487294911758
0.77487934187091
0.774885272164999
0.774890762895893
0.774895836335749
0.774900514113887
0.774904817201879
0.774908765902334
0.774912379841078
0.774915677962435
0.774918678527333
0.77492139911397
0.774923856620805
0.774926067271641
0.774928046622584
0.774929809570675
0.774931370364011
0.774932742613181
0.774933939303844
0.774934972810311
0.774935854909968
0.774936596798442
0.774937209105355
0.774937701910572
0.774938084760839
0.774938366686714
0.7749385562197
0.774938661409512
0.774938689841389
0.77493864865341
0.774938544553721
0.774938383837656
0.77493817240467
0.774937915775068
0.774937619106484
0.774937287210054
0.774936924566297
0.774936535340642
0.774936123398581
0.77493569232047
0.77493524541589
0.774934785737641
0.77493431609528
0.774933839068253
0.774933357018577
0.7749328721031
0.774932386285313
0.774931901346723
0.77493141889779
0.774930940388436
0.774930467118113
0.774930000245456
0.774929540797517
0.77492908967858
0.774928647678582
0.77492821548114
0.774927793671177
0.7749273827422
0.774926983103183
0.774926595085118
0.774926218947209
0.774925854882735
0.774925503024592
0.774925163450522
0.774924836188043
0.774924521219088
0.774924218484361
0.774923927887444
0.774923649298618
0.77492338255847
0.77492312748124
0.774922883857959
0.774922651459362
0.774922430038609
0.774922219333799
0.774922019070307
0.774921828962942
0.824921828962942
0.774921828962942
0.778364193556492
0.781806567097265
0.785248949274087
0.788691339774968
0.792133738288271
0.795576144503761
0.79901855811356
0.802460978812999
0.804898188659061
0.807412969043247
0.810802779778312
0.814055505311609
0.817172938575209
0.820156502016165
0.823007305438168
0.825726195588814
0.828313798627843
0.830770556458102
0.833116966945318
0.835370282347928
0.837511196098523
0.839525975763519
0.841419913587927
0.843198120538804
0.844865565420478
0.846427107664916
0.847887524736421
0.849251534954924
0.850523410135257
0.851706678978062
0.852804937361382
0.853822425412595
0.85476353795433
0.855632474297357
0.856433250209553
0.857169707179838
0.857845519429937
0.858464199056958
0.859029107798585
0.859543481340956
0.86001044220982
0.860432985420737
0.860813963054625
0.861156084979574
0.861461925678986
0.861733930435133
0.861974421021331
0.862185601029365
0.862369560772252
0.862528281418697
0.86266363838411
0.862777404764718
0.862871255359612
0.862946770981176
0.863005442635489
0.86304867548088
0.86307779259521
0.863094038574722
0.863098582984348
0.863092523685894
0.863076890075109
0.863052646241291
0.8630206940366
0.862981876037698
0.862936978396136
0.862886733583237
0.862831823035991
0.862772879709176
0.862710490537835
0.862645198813257
0.86257750647437
0.862507876315578
0.862436734112072
0.862364470664256
0.862291443763363
0.862217980080313
0.862144376979692
0.862070904260581
0.861997805825824
0.8619253012813
0.861853587466711
0.861782839919471
0.861713214273281
0.861644847593045
0.861577859647763
0.861512354123054
0.861448419774968
0.861386131526748
0.861325551510208
0.861266730053411
0.861209706616344
0.861154510676282
0.861101162564543
0.861049674256336
0.861000050115382
0.860952287594988
0.860906377897255
0.860862306592059
0.860820054197429
0.860779596722965
0.860740906177843
0.860703951044987
0.86066869672294
0.860635105936921
0.860603139120522
0.86057275476951
0.860543909769065
0.860516559695874
0.86049065909634
0.860466161742195
0.86044302086478
0.860421189369121
0.860400620029017
0.860381265664196
0.860363079300645
0.860346014315105
0.860330024564742
0.860315064502925
0.860301089282014
0.860288054844025
0.860275917999998
0.860264636498854
0.860254169086488
0.860244475555808
0.860235516788413
0.860227254788534
0.860219652709858
0.860212674875821
0.860206286793881
0.860200455164334
0.860195147884126
0.860190334046125
0.860185983934286
0.860182069015113
0.860178561925806
0.86017543645942
0.860172667547403
0.860170231239792
0.860168104683387
0.860166266098132
0.860164694751994
0.860163370934538
0.860162275929434
0.86016139198608
0.860160702290532
0.860160190935899
0.860159842892368
0.860159643976985
0.860159580823341
0.860159640851248
0.86015981223654
0.860160083881081
0.860160445383056
0.860160887007648
0.860161399658135
0.860161974847489
0.860162604670531
0.86016328177667
0.860163999343281
0.860164751049744
0.860165531052189
0.860166333958947
0.860167154806738
0.860167989037611
0.860168832476649
0.860169681310419
0.860170532066217
0.860171381592059
0.860172227037454
0.860173065834924
0.860173895682291
0.860174714525695
0.860175520543357
0.860176312130055
0.860177087882315
0.860177846584284
0.860178587194288
0.860179308832046
0.860180010766528
0.860180692404431
0.860181353279268
0.860181993041038
0.860182611446468
0.860183208349795
0.860183783694084
0.86018433750305
0.860184869873373
0.860185380967475
0.860185871006762
0.860186340265282
0.860186789063811
0.860187217764321
0.860187626764839
0.860188016494648
0.860188387409852
0.860188739989242
0.860189074730496
0.860189392146654
0.910189392146655
0.860189392146654
0.86160717148666
0.863024935646435
0.864442685172285
0.865860420610108
0.867278142503529
0.868695851392203
0.87011354781032
0.871531232285246
0.871943697361377
0.872433733638646
0.873839503409472
0.875186453174604
0.876475704647258
0.877708171553219
0.878884591117305
0.88000555111043
0.881071513064692
0.882082832181875
0.883059983372768
0.884020247642655
0.884943570701236
0.885813995541412
0.886633946192621
0.88740573095648
0.888131564694915
0.888813587620411
0.889453881102049
0.890054480927562
0.890616982111468
0.891142235921741
0.891631171489943
0.892085414327446
0.892506834757337
0.892897206018464
0.893258212077882
0.893591453878638
0.893898454277259
0.894180661886466
0.894439462173725
0.894676201616734
0.89489220052594
0.895088737736174
0.895267032816705
0.895428243667655
0.895573470250213
0.895703757885707
0.895820100213491
0.895923441882465
0.896014680874124
0.896094670079189
0.896164218131821
0.89622409029663
0.896275009992023
0.896317660686685
0.896352687759876
0.896380700225457
0.896402272340616
0.896417945115714
0.896428227741213
0.896433598956157
0.89643450838887
0.896431377883629
0.896424602799984
0.89641455326559
0.896401575376558
0.896385992348777
0.896368105624929
0.89634819594094
0.896326524354852
0.896303333240163
0.896278847244544
0.896253274213972
0.896226806082226
0.896199619726402
0.896171877789538
0.896143729471444
0.896115311288758
0.896086747805023
0.896058152331505
0.896029627599403
0.896001266404054
0.895973152221761
0.895945359799913
0.895917955721058
0.89589099894161
0.895864541305866
0.895838628035968
0.895813298198482
0.895788585148229
0.895764516950042
0.895741116779099
0.895718403300492
0.895696391028727
0.895675090667775
0.895654509432382
0.895634651351279
0.895615517552949
0.895597106534604
0.895579414415036
0.895562435171964
0.895546160864517
0.895530581841479
0.895515686935918
0.895501463646783
0.895487898308074
0.895474976246171
0.895462681925861
0.895450999085645
0.895439910862845
0.895429399909031
0.895419448496287
0.895410038614795
0.895401152062219
0.895392770525352
0.895384875654448
0.895377449130705
0.89537047272727
0.895363928364182
0.895357798157628
0.895352064463878
0.895346709918239
0.895341717469369
0.89533707040926
0.895332752399208
0.895328747492031
0.895325040150842
0.895321615264607
0.895318458160763
0.895315554615109
0.895312890859195
0.895310453585432
0.895308229950112
0.89530620757451
0.895304374544278
0.895302719407257
0.895301231169893
0.895299899292383
0.895298713682701
0.895297664689615
0.895296743094832
0.89529594010436
0.895295247339221
0.895294656825568
0.89529416098434
0.895293752620498
0.895293424911947
0.895293171398187
0.895292985968786
0.895292862851703
0.895292796601549
0.895292782087787
0.895292814482976
0.895292889251037
0.895293002135633
0.895293149148642
0.895293326558808
0.89529353088054
0.895293758862923
0.895294007478948
0.895294273914962
0.895294555560382
0.895294849997664
0.895295154992538
0.895295468484537
0.895295788577798
0.895296113532163
0.895296441754581
0.895296771790788
0.895297102317313
0.895297432133758
0.895297760155387
0.895298085406008
0.895298407011154
0.895298724191533
0.895299036256785
0.895299342599504
0.895299642689539
0.895299936068557
0.895300222344877
0.89530050118855
0.895300772326689
0.895301035539049
0.895301290653823
0.895301537543683
0.895301776122024
0.895302006339432
0.895302228180346
0.895302441659925
0.895302646821092
0.895302843731772
0.895303032482295
0.895303213182969
0.895303385961811
0.895303550962428
0.895303708342046
0.895303858269684
0.895304000924442
0.895304136493927
0.895304265172803
