0.8
0.8
0.8
0.8
0.8
0.8
0.8
0.8
0.8
0.85
0.9
0.95
1
0.97532129706985
0.92532129706985
0.87532129706985
0.82532129706985
0.77532129706985
0.72532129706985
0.733501737957411
0.773903388446445
0.808399080457978
0.827314282818523
0.833622611525486
0.833168759036815
0.83047701426098
0.827916139525802
0.82625007635499
0.825424017295761
0.825129156437668
0.825083040962123
0.825112317468917
0.825140158115767
0.82514720465278
0.82513825444035
0.82512301803635
0.825108438302208
0.825097489679372
0.825090434473441
0.825086347562339
0.825084122111591
0.825082908713462
0.825082192357558
0.825081713645014
0.825081362353127
0.825081097197178
0.825080900847025
0.825080760958013
0.825080665211016
0.825080601732236
0.825080560424574
0.825080533648538
0.825080516139319
0.825080504507504
0.825080496656889
0.825080491302054
0.825080487636967
0.825080485134667
0.825080483436117
0.825080482290455
0.825080481521509
0.825080481006675
0.825080480661962
0.825080480430742
0.82508048027525
0.825080480170446
0.825080480099704
0.825080480051933
0.825080480019693
0.825080479997954
0.825080479983314
0.825080479973459
0.825080479966827
0.825080479962378
0.825080479959395
0.825080479957388
0.825080479956026
0.825080479955095
0.825080479954456
0.825080479954008
0.825080479953701
0.825080479953501
0.82508047995339
0.825080479953337
0.825080479953312
0.825080479953293
0.825080479953269
0.825080479953235
0.825080479953198
0.825080479953167
0.825080479953148
0.825080479953146
0.825080479953152
0.825080479953161
0.825080479953165
0.825080479953165
0.825080479953166
0.825080479953175
0.82508047995319
0.825080479953206
0.825080479953217
0.825080479953224
0.825080479953222
0.82508047995321
0.825080479953192
0.825080479953177
0.82508047995317
0.825080479953172
0.82508047995317
0.825080479953168
0.825080479953173
0.825080479953187
0.825080479953206
0.825080479953222
0.825080479953229
0.825080479953224
0.825080479953215
0.825080479953191
0.825080479953157
0.825080479953135
0.825080479953122
0.825080479953119
0.82508047995313
0.825080479953154
0.825080479953177
0.825080479953196
0.825080479953205
0.825080479953196
0.82508047995317
0.825080479953142
0.825079800111807
0.825078054573867
0.825075290472692
0.825071827251531
0.825069088924584
0.825068381046753
0.825070147604931
0.825074140176241
0.825079787772593
0.82508647297131
0.825092870110434
0.825097664955428
0.825100399945687
0.825101438490671
0.825101471619952
0.825101073382603
0.82510050563322
0.825099733582528
0.825098534182411
0.825096603001162
0.825093583760549
0.825089306252298
0.825084070351442
0.825078596065174
0.825073958840581
0.82507120884175
0.825070814355822
0.825072596174834
0.825075948835039
0.825080046440234
0.825076597216879
0.825066501623448
0.825052983156519
0.825038792217279
0.825036411397194
0.825047403382878
0.825065421567066
0.82508456079828
0.825101665302177
0.825115909693789
0.8251192037952
0.825109712533035
0.825094330996082
0.82508082731073
0.825073118450034
0.825071115261467
0.825072676543406
0.825075492767031
0.825078044360558
0.825079725515616
0.825080550389865
0.825080796255689
0.825080757267028
0.825080636465285
0.825080533837268
0.825080477172724
0.825080458737885
0.825080461204763
0.825080470373303
0.825080478518682
0.825080483161536
0.825080484664623
0.825080484305787
0.825080483238752
0.825080482158574
0.825080481344799
0.825080480825536
0.825080480525981
0.825080480358075
0.775080480358075
0.725080480358075
0.675080480358075
0.625080480358075
0.6
0.6
0.6
0.621981124587855
0.671981124587855
0.721981124587855
0.771981124587855
0.821981124587855
0.871981124587855
0.921851227268478
0.875062273394074
0.825062273394074
0.777872772538175
0.759606449346106
0.758127447564437
0.763036581608335
0.768455978006685
0.772208752820991
0.774154309530242
0.77488047328472
0.775003391839434
0.774927212512041
0.774843069533906
0.77480640636582
0.774811218157768
0.774835969604268
0.774863526656637
0.774885481793722
0.774899984471648
0.774908391490518
0.774912856522247
0.774915167437109
0.774916449290925
0.774917276468203
0.774917887608422
0.774918362016605
0.774918723644344
0.774918986897823
0.774919169317189
0.774919290693314
0.774919369391179
0.77491941998433
0.77491945275727
0.774919474372289
0.77491948891533
0.774919498843427
0.774919505661142
0.774919510334274
0.774919513525861
0.774919515714389
0.774919517246648
0.774919518363401
0.774919519204743
0.774919519823237
0.774919520216187
0.774919520364133
0.774919520259793
0.774919519920967
0.774919519400716
0.774919518787219
0.77491951818458
0.774919517684517
0.774919517346076
0.774919517192078
0.774919517219623
0.774919517415893
0.774919517771293
0.77491951828631
0.774919518973339
0.774919519849558
0.774919520917318
0.77491952214141
0.774919523431971
0.774919524645748
0.774919525615671
0.774919526195639
0.774919526298651
0.774919525915656
0.774919525315536
0.774919524894944
0.774919524940472
0.774919525510671
0.774919526164914
0.774919526163486
0.774919524938835
0.774919522371172
0.774919518758604
0.774919514616288
0.774919510700068
0.774919507850653
0.774919506608725
0.774919506971299
0.774919508470918
0.774919510463733
0.77491951241671
0.774919514061413
0.774919515400318
0.774919516624682
0.774919518024175
0.774919519855418
0.774919522171984
0.774919524741208
0.774919527052718
0.774919528473623
0.774919528542314
0.774919527176367
0.774919524679353
0.774919521611066
0.774919519716957
0.77491952017971
0.774919522946085
0.774919527098272
0.774919529929518
0.774919529266817
0.774919525130512
0.774919519136112
0.774919513143649
0.774920188193496
0.774921931729214
0.774924697685079
0.774928165840702
0.774931586544771
0.774934039328611
0.774935034071295
0.774934202350964
0.774931157261348
0.774925936636954
0.774918923301508
0.774910650431776
0.774901658913848
0.774892437710633
0.774884731132938
0.7748797207439
0.774877682076496
0.774877969264391
0.774879737020766
0.77488249165421
0.774886282211217
0.774891375593554
0.774897784659114
0.774905164106269
0.774912832355624
0.774919922372562
0.774925667146454
0.774929508816754
0.774931075348684
0.774930299533245
0.774934784020798
0.774943277835533
0.774952889116986
0.774961915528012
0.774966696055806
0.774965251776411
0.774960766562154
0.774952988753564
0.774939921990137
0.774924234647281
0.77490863714003
0.774894563804437
0.774882324573963
0.77487164791535
0.77487619328585
0.774892533446467
0.774912906203972
0.774927922978386
0.774934154873366
0.774933354097743
0.774929158873883
0.774924615533328
0.774921294825095
0.77491950383058
0.774918877306016
0.774918887816166
0.774919120741605
0.774919347167092
0.774919487574799
0.774919545318583
0.774919552328807
0.77491953897438
0.774919523769897
0.774919514066351
0.77491951044731
0.774919510826602
0.774919512917179
0.774919515198905
0.774919516988484
0.774919518160314
0.77491951884375
0.774919519221885
0.774919519439401
0.774919519582445
0.774919519691298
0.774919519780109
0.774919519852168
0.774919519908282
0.774919519949919
0.82491951994992
0.87491951994992
0.92491951994992
0.97491951994992
1
1
1
1
1
1
1
1
0.95
0.9
0.85
0.8
0.75
0.751386146253853
0.79308390105464
0.831961024975927
0.855262143747643
0.864755539992957
0.866204432132589
0.864490323345588
0.862378046866657
0.860913076206187
0.8601942266129
0.859977323342533
0.859998235304682
0.860084560600431
0.86015743081957
0.860197235116911
0.860210525138653
0.86020965489796
0.860204113531867
0.860198845790121
0.860195436641503
0.860193765575208
0.860193187426436
0.860193115451177
0.860193191625286
0.860193258936916
0.860193279350009
0.860193264326401
0.860193234935172
0.860193206094669
0.860193184262423
0.860193170167449
0.860193162033723
0.860193157686698
0.860193155468121
0.860193154389429
0.860193153960049
0.860193153962995
0.860193154291326
0.860193154862254
0.860193155568706
0.860193156273558
0.860193156833162
0.860193157130552
0.860193157095047
0.860193156699443
0.860193155940723
0.860193154823164
0.860193153359704
0.860193151586582
0.860193149579734
0.860193147462692
0.860193145397834
0.860193143564937
0.860193142137242
0.860193141258023
0.860193140820671
0.860193140589557
0.860193140399277
0.860193140233599
0.8601931402732
0.860193140837026
0.860193142163599
0.860193144363142
0.860193147489372
0.860193151478137
0.860193156100603
0.860193161001524
0.860193165790963
0.860193170130592
0.860193173396524
0.860193174930346
0.860193174424542
0.860193172147994
0.860193168779676
0.860193165027148
0.860193161300043
0.860193157655332
0.860193153996809
0.860193150292952
0.860193146696044
0.860193143534003
0.860193141188162
0.860193139968979
0.860193140060782
0.860193141480106
0.860193142977343
0.860193143655924
0.860193143495813
0.860193142905284
0.860193142646149
0.860193143390414
0.860193144958011
0.860193147108051
0.860193150076099
0.860193153785524
0.860193157740744
0.86019316136203
0.86019316428388
0.860193166434699
0.86019316589451
0.860193161777668
0.860193155180376
0.860193148704941
0.860193144638369
0.860192463896201
0.860190719909066
0.860187958437523
0.860184497705084
0.860181084498652
0.860178636996944
0.860177644464964
0.860178176936037
0.860180071876694
0.860183097088211
0.860187037319467
0.860191718292136
0.860197677099113
0.860205168129075
0.860214004754659
0.860223705219857
0.860233664919085
0.860242561777112
0.860248842909858
0.860251682273077
0.860251024704437
0.8602473361004
0.86024141582265
0.860234121965252
0.860226271571309
0.860218582061687
0.86021151662723
0.860205256302757
0.860199843862736
0.860195319355424
0.860184488688016
0.860169365492279
0.860153894076286
0.860140854586163
0.860134793662015
0.860138039176151
0.860146798484975
0.86015666958633
0.860164660920817
0.860169629783454
0.860171865379004
0.860172311386634
0.860179233440248
0.860191489294543
0.860205801426029
0.860219727826407
0.860232204027993
0.8602356287931
0.860226306800952
0.860210214666105
0.860195338854873
0.860186214448854
0.860183204873453
0.860184294112702
0.860187062506571
0.86018979890913
0.860191733006035
0.860192782304231
0.860193189287423
0.860193251012433
0.860193188089253
0.860193118435973
0.8601930823866
0.860193078973457
0.860193093644203
0.860193112956406
0.860193129271309
0.860193140173039
0.860193146243079
0.860193149091498
0.860193150224614
0.860193150642436
0.860193150854785
0.860193151048173
0.860193151250674
0.860193151439735
0.860193151593207
0.860193151703616
0.860193151775573
0.910193151775573
0.960193151775573
1
1
1
1
1
0.982441125922677
0.932441125922677
0.882441125922677
0.83852777125176
0.838440634243399
0.854835387633158
0.871979645163292
0.884016208655639
0.890625057769176
0.893500184679639
0.894425617607217
0.894598102862668
0.894612358480101
0.894670368135387
0.894788049065477
0.894926196072535
0.895049738491387
0.895142899292793
0.895205266479024
0.89524371430097
0.895266362159567
0.895279684215712
0.895287871515496
0.89529326309223
0.895297030700937
0.895299736794336
0.895301675215942
0.895303036291859
0.895303968349136
0.895304592800071
0.895305005316907
0.895305276584607
0.895305455660013
0.895305574947809
0.895305655204977
0.895305709613899
0.895305746645842
0.895305771875529
0.895305789058963
0.89530580075743
0.895305808711607
0.895305814091231
0.895305817675847
0.89530581998662
0.895305821378271
0.895305822099464
0.895305822330807
0.895305822198821
0.895305821789361
0.895305821166463
0.895305820390831
0.895305819532034
0.895305818682439
0.895305817964531
0.895305817518331
0.895305817476951
0.895305817941142
0.895305818957738
0.895305820508836
0.895305822512781
0.895305824835654
0.895305827312431
0.895305829772938
0.89530583206302
0.895305834055226
0.89530583584807
0.895305837625575
0.895305839446082
0.895305841166483
0.895305842413623
0.895305842678246
0.895305841584863
0.895305839075827
0.895305835411798
0.895305831040143
0.895305826431585
0.895305821962348
0.895305817669369
0.895305813397704
0.895305809046067
0.895305804688177
0.8953058005523
0.895305797141816
0.895305795182294
0.895305795257784
0.895305797527717
0.895305801690307
0.895305807108817
0.895305813024748
0.895305818735883
0.89530582369955
0.895305827603767
0.895305830388642
0.895305832183035
0.89530583319032
0.895305834647464
0.895305837163704
0.895305840231551
0.895305842805899
0.895305843547133
0.895305841464517
0.895305836904533
0.895305831295713
0.89530582630236
0.895305823064191
0.895305821872073
0.895305822306581
0.8953058225535
0.895305821368201
0.895305818743047
0.89530581542928
0.895305812239582
0.895305810747842
0.895305812463419
0.895305137312548
0.895303397543282
0.895300776706972
0.895298212918015
0.895296412395014
0.895295658287744
0.89529593296644
0.895297324682361
0.895300239944769
0.895304771589717
0.895310588625647
0.895316615196347
0.895321819618725
0.895325702603527
0.89532828259962
0.895329833802537
0.895330630326655
0.895330806641341
0.895330329352241
0.895329029667123
0.895326614863779
0.895322919772442
0.895318220247287
0.895313184321838
0.895308532826813
0.895304743604592
0.895302084845498
0.895300749199267
0.895300902404617
0.895302497349241
0.895297806467586
0.895287892804921
0.895277086490559
0.895272948627497
0.895274331327301
0.895278122246349
0.895282005574093
0.895287514546569
0.895298618859271
0.895313144810224
0.895327310145134
0.895333184609207
0.895329852072767
0.895321452814496
0.895312721719725
0.895306466616628
0.895303303735447
0.895302517035028
0.895303013910798
0.895303908696556
0.895304705029467
0.895305234842492
0.895305517923671
0.895305640256959
0.895305683673705
0.895305700644978
0.895305715259638
0.895305733619516
0.895305753946509
0.895305772928213
0.89530578841232
0.895305799828404
0.895305807665713
0.895305812826545
0.895305816189613
0.895305818421672
0.895305819956654
0.895305821049773
0.895305821844487
0.895305822424182
0.895305822843101
0.895305823141285
0.895305823350348
0.89530582349528
0.895305823595169
0.895305823663988
0.895305823711589
0.895305823744725
0.895305823767981
0.895305823784464
