0.8
0.8
0.8
0.8
0.8
0.8
0.8
0.8
0.8
0.81679
0.8315
0.832515
0.83353
0.834545
0.83556
0.836575
0.83759
0.838605
0.83962
0.840585155408462
0.841376494115537
0.841903055870625
0.842166472371816
0.842200894872338
0.842035629464721
0.841695801808317
0.841202932029678
0.840575431848939
0.839829034373444
0.838977313577178
0.838032611783717
0.837007232239977
0.835914164846437
0.834767032119308
0.83357967007122
0.832365739636945
0.831138446978605
0.829910349872059
0.828693231568911
0.827498026565836
0.826334783521128
0.825212649669725
0.824139862581378
0.823123741528821
0.822170678271091
0.821286130748128
0.820474622979478
0.819739753009942
0.819084209516315
0.818509796855422
0.818017467805252
0.817607362971748
0.817278855762638
0.81703060190826
0.816860592653285
0.81676621087575
0.816744289475789
0.816791171419664
0.816902770843824
0.817074634634607
0.817302003912153
0.817579874867068
0.817903058427133
0.818266238268078
0.818664026724997
0.819091018206985
0.819541839764862
0.820011198509301
0.820493925623435
0.820985016759952
0.821479668657473
0.82197331185468
0.822461639422888
0.822940631678435
0.823406576875106
0.823856087913499
0.824286115138617
0.824693955328771
0.825077257007939
0.825434022239939
0.825762605086058
0.826061706928075
0.826330368875914
0.826567961493479
0.826774172087625
0.826948989813689
0.827092688856729
0.827205809950634
0.827289140497693
0.827343693549283
0.827370685904013
0.827371515573381
0.82734773885665
0.827301047256673
0.827233244456754
0.827146223565754
0.827041944824465
0.826922413951256
0.826789661289082
0.826645721899528
0.82649261673268
0.826332334984534
0.826166817736507
0.825997942954564
0.825827511908673
0.825657237056895
0.825488731422535
0.825323499477501
0.825162929530532
0.825008287605237
0.824860712780135
0.824721213951053
0.824590667965483
0.824469819068772
0.824359279593406
0.824259531815158
0.824170930893467
0.824093708808175
0.824027979200545
0.823973743023436
0.823930894903427
0.823899230116663
0.823878452080085
0.823868180260575
0.823867958406133
0.823877263005745
0.823895511887665
0.823922072869742
0.823956272379723
0.823997403968427
0.82404473664394
0.824097522960723
0.824155006803428
0.82421643081144
0.82428104339647
0.824348105311922
0.824416895739196
0.824486717862442
0.824556903909601
0.824626819643651
0.824695868293947
0.824763493923207
0.82482918423113
0.824892472800711
0.824952940798084
0.825010218141103
0.825063984155891
0.825113967744163
0.82515994708735
0.825201748916283
0.825239247377599
0.825272362529922
0.82530105850442
0.825325341365465
0.825345256707841
0.825360887027303
0.825372348901323
0.825379790016461
0.825383386078222
0.825383337638263
0.82537986687263
0.825373214343257
0.825363635773294
0.825351398864984
0.825336780186807
0.825320062154469
0.825301530128072
0.825281469645485
0.825260163809553
0.825237890844405
0.825214921833681
0.825191518651149
0.825167932091805
0.825144400209278
0.825121146863147
0.825098380477626
0.825076293011114
0.825055059134143
0.825034835611529
0.825015760882902
0.824997954834269
0.824981518751974
0.824966535449201
0.824953069554164
0.824941167948258
0.824930860341709
0.82492215997375
0.82491506442389
0.824909556520632
0.824905605333823
0.824903167236874
0.824902187025207
0.824902599077523
0.824904328546875
0.824907292568984
0.82491140147576
0.824916560002656
0.824922668479151
0.824929623992439
0.791357321515175
0.761945654988999
0.759924518356419
0.757903806534518
0.75588341632486
0.753863247254869
0.751843202346833
0.749823188811585
0.747803118664758
0.745782909264323
0.743862172952021
0.742288783286339
0.741244596588858
0.740726291990525
0.740665516369838
0.741003613864275
0.741690296427041
0.742682493973767
0.743943360017048
0.745441411910709
0.747149491671364
0.749042910746745
0.751097064561266
0.75328598071258
0.755582426673386
0.757958747630448
0.760387643212964
0.762842726446324
0.765298910532778
0.767732660674798
0.77012214208224
0.772447293687727
0.774689858871727
0.776833401511687
0.778863322824912
0.780766879397961
0.782533195413032
0.784153262488141
0.785619923447457
0.78692783879527
0.788073436334556
0.789054845427652
0.789871817954664
0.790525638167286
0.791019023478294
0.791356017938781
0.791541879889902
0.791582965103768
0.791486606641357
0.791260992617002
0.790915043036922
0.79045828685328
0.789900740335136
0.789252787800042
0.788525065676483
0.787728350782158
0.786873453611086
0.785971117327837
0.785031923072378
0.784066202085385
0.783083955072167
0.782094779133666
0.781107802505853
0.780131627264337
0.77917428006977
0.778243170952063
0.777345060058094
0.776486032218955
0.775671479129339
0.774906088873614
0.774193842480851
0.773538017144626
0.772941195702972
0.772405281939351
0.771931521237008
0.771520526096455
0.771172306008916
0.770886301167294
0.770661419490312
0.770496076434634
0.770388237073905
0.770335459932175
0.770334942071997
0.770383564954144
0.770477940606002
0.770614457658935
0.770789326840862
0.770998625538555
0.771238341074371
0.771504412373883
0.771792769733802
0.772099372433319
0.772420243966151
0.772751504704923
0.773089401843536
0.773430336496824
0.773770887869532
0.774107834438462
0.774438172122067
0.774759129440795
0.77506817969883
0.775363050243384
0.775641728881259
0.775902467553939
0.776143783391816
0.77636445728536
0.776563530125998
0.776740296882169
0.776894298686532
0.777025313118578
0.777133342873033
0.777218603008503
0.777281506972842
0.777322651601863
0.777342801286332
0.777342871498839
0.777323911867179
0.777287088974569
0.777233669059335
0.777165000777935
0.777082498185374
0.776987624076405
0.776881873819556
0.776766759804077
0.776643796607527
0.776514486979094
0.776380308720899
0.776242702536729
0.776103060904848
0.775962718019024
0.775822940829607
0.775684921204708
0.775549769220073
0.775418507575525
0.77529206712559
0.775171283502488
0.775056894800867
0.774949540285689
0.774849760077496
0.7747579957629
0.774674591872647
0.774599798164873
0.774533772647358
0.774476585269526
0.77442822221271
0.774388590705772
0.774357524292441
0.774334788476766
0.774320086673757
0.774313066393588
0.774313325589662
0.774320419103221
0.774333865140131
0.774353151718767
0.774377743031646
0.774407085667457
0.774440614644439
0.774477759210516
0.774517948370252
0.774560616103462
0.774605206245055
0.774651177000559
0.774698005076511
0.774745189409592
0.774792254482979
0.774838753222797
0.774884269471808
0.774928420041479
0.774970856347399
0.775011265636504
0.77504937181787
0.77508493591175
0.775117756134259
0.775147667637385
0.775174541926136
0.775198285976286
0.775218841077636
0.775236181428824
0.775250312510495
0.775261269264174
0.775269114104451
0.775273934791992
0.775275842194698
0.775274967963745
0.775271462150562
0.775265490789851
0.775257233472669
0.775246880932311
0.77523463266436
0.775220694600735
0.77520527685597
0.775188591562265
0.775170850808115
0.775152264693522
0.775133039513035
0.775113376076018
0.775093468171786
0.775073501185502
0.775053650868991
0.775034082268997
0.825034082268997
0.875029525012979
0.87846267203676
0.881896638000164
0.885331523843105
0.888767416628953
0.892204389523767
0.895642501903938
0.899081799584029
0.90252231515595
0.905815576275493
0.90857388441118
0.910495375366011
0.911575096208754
0.91192018936078
0.911622639106145
0.910761347397317
0.909403929503621
0.907608267075451
0.905423851172475
0.902893384279972
0.900055645263058
0.896949262895968
0.893615109712194
0.890096207981957
0.886436409416556
0.882679147283364
0.878866534071636
0.875038732720427
0.871233542619479
0.867486151234226
0.863829004945916
0.860291749829919
0.856901197182643
0.853681288370923
0.850653057673822
0.847834604075285
0.845241082630219
0.842884721452641
0.840774866437759
0.838918053148438
0.837318103586752
0.835976244653316
0.834891244842229
0.834059565947462
0.833475527003028
0.833131478097405
0.833017981975345
0.833124001476336
0.833437090916626
0.833943589552436
0.834628815298358
0.835477256933615
0.836472763115573
0.837598726632397
0.838838262458458
0.84017437831922
0.841590136620357
0.843068806744659
0.844594006867527
0.846149834586725
0.847720985803783
0.849292861432856
0.850851661647133
0.852384467502573
0.853879309902773
0.855325225986502
0.856712303129891
0.858031710857824
0.859275721053232
0.860437716938178
0.861512191376701
0.862494735116129
0.863382015640846
0.864171747360433
0.864862653892701
0.865454423231641
0.86594765661089
0.866343811885394
0.866645142257738
0.866854631171734
0.866975924184559
0.867013258610763
0.86697139170717
0.866855528137758
0.86667124742261
0.866424432035542
0.866121196771651
0.865767819959497
0.865370677043362
0.864936177009821
0.864470702080125
0.863980551036335
0.863471886495155
0.862950686389696
0.862422699866215
0.861893407750867
0.861367987690983
0.860851284026732
0.860347782402636
0.859861589084495
0.859396414906211
0.858955563732866
0.858541925291521
0.858157972189606
0.857805760912595
0.857486936567997
0.857202741121543
0.856954024853776
0.856741260751138
0.856564561534858
0.85642369902352
0.856318125520987
0.856246996920132
0.856209197214609
0.856203364115285
0.856227915474958
0.856281076234258
0.856360905613
0.856465324284564
0.856592141285772
0.856739080431071
0.856903806017413
0.857083947624687
0.857277123835839
0.857480964720575
0.857693132946644
0.857911343402906
0.858133381238495
0.858357118242289
0.858580527506313
0.858801696335592
0.859018837385091
0.859230298021718
0.859434567925671
0.859630284960747
0.859816239357367
0.859991376265054
0.86015479674283
0.860305757266387
0.860443667840089
0.860568088809579
0.860678726477338
0.860775427628673
0.860858173079557
0.860927070360417
0.860982345651432
0.861024335085259
0.861053475532364
0.861070294982381
0.861075402632232
0.861069478788198
0.861053264684793
0.861027552318273
0.860993174386949
0.860950994424356
0.860901897204664
0.860846779492803
0.860786541204529
0.860722077034225
0.860654268600725
0.860583977153847
0.860512036876833
0.860439248812417
0.860366375433019
0.860294135868474
0.860223201797989
0.860154194006516
0.86008767959968
0.86002416986568
0.859964118767341
0.859907922042656
0.85985591688781
0.859808382192848
0.859765539296715
0.859727553225573
0.859694534375879
0.859666540601822
0.859643579665269
0.859625612005451
0.859612553785063
0.859604280169368
0.859600628795237
0.859601403387703
0.859606377482663
0.859615298215731
0.859627890138867
0.859643859028321
0.859662895649576
0.859684679447274
0.859708882130617
0.859735171127336
0.859763212882047
0.859792675977604
0.859823234060849
0.859854568557038
0.859886371160009
0.859918346087939
0.859950212097278
0.859981704250032
0.883518575432148
0.904142597623099
0.905592562919095
0.907041284314411
0.908488596247317
0.909934354918871
0.911378438394447
0.912820746499296
0.914261200520711
0.915699742730387
0.917066553313334
0.918188053477348
0.918936899654142
0.919315394578772
0.91937138479072
0.919145948797948
0.918674326391876
0.917986722150482
0.917109000019361
0.916063283603414
0.914868682009485
0.913542586898303
0.91210234068072
0.910566251162098
0.908953514551466
0.907283627406662
0.905575841401503
0.903848770591189
0.902120119265135
0.900406504345278
0.898723350538976
0.897084837586059
0.895503877694517
0.893992103349048
0.892559854666833
0.891216166027641
0.889968756871875
0.88882403127473
0.887787088873987
0.886861748008071
0.886050580752939
0.885354958806016
0.884775108774041
0.884310175321624
0.883958290746996
0.883716649752705
0.883581588364351
0.883548666070663
0.883612750318704
0.883768102524717
0.884008464776454
0.884327146421054
0.884717109760657
0.885171054118386
0.885681497588991
0.886240855848302
0.886841517460338
0.887475915187463
0.888136592875738
0.888816267553497
0.8895078864458
0.890204678670586
0.890900201443794
0.891588380680329
0.892263545935037
0.892920459682624
0.893554340987235
0.894160883660868
0.894736269054687
0.89527717366831
0.895780771799169
0.896244733486924
0.896667218036582
0.897046863428481
0.897382771943514
0.897674492348142
0.897921998995806
0.898125668209443
0.898286252314209
0.89840485169019
0.898482885212184
0.898522059437762
0.898524336895891
0.898491903816845
0.898427137630033
0.898332574540129
0.898210877473706
0.898064804668725
0.897897179158044
0.897710859375793
0.897508711092297
0.897293580859518
0.897068271124936
0.896835517147614
0.89659796582621
0.896358156525021
0.896118503961021
0.895881283192466
0.895648616728144
0.895422463755845
0.895204611469372
0.894996668455332
0.894800060084323
0.894616025835903
0.894445618473015
0.894289704969371
0.894148969082696
0.894023915457701
0.89391487513521
0.893822012337947
0.893745332399095
0.893684690696841
0.893639802456597
0.893610253282445
0.893595510280467
0.893594933638945
0.893607788533835
0.893633257232328
0.893670451272692
0.893718423604716
0.893776180581951
0.893842693704443
0.893916911018604
0.893997768089275
0.894084198467736
0.894175143588278
0.894269562035032
0.894366438129731
0.894464789800102
0.894563675697425
0.894662201540426
0.894759525671039
0.894854863815593
0.894947493052602
0.895036754995542
0.895122058205686
0.895202879856281
0.89527876667498
0.895349335196555
0.895414271362392
0.895473329507215
0.895526330776795
0.895573161023158
0.89561376822595
0.895648159490225
0.895676397671971
0.895698597683175
0.895714922528296
0.895725579123501
0.895730813949139
0.895730908584629
0.895726175173196
0.895716951861931
0.895703598260241
0.895686490957229
0.895666019135677
0.895642580317338
0.895616576271044
0.89558840911193
0.89555847761668
0.895527173776361
0.895494879605008
0.895461964218756
0.895428781197033
0.895395666234066
0.895362935085851
0.895330881814762
0.895299777331082
0.895269868228117
0.895241375905023
0.895214495969174
0.895189397907835
0.895166225016969
0.895145094573376
0.895126098234907
0.895109302652253
0.895094750274813
0.895082460332362
0.895072429973646
0.895064635542664
0.89505903397322
0.895055564282346
0.895054149143367
0.895054696519753
0.89505710134139
0.895061247205561
0.89506700808569
0.895074250031794
0.895082832847549
0.895092611729965
0.89510343885877
0.895115164923806
0.895127640579961
0.895140717820404
0.89515425126017
0.895168099323403
0.895182125328822
0.895196198469209
0.895210194681941
0.895223997408716
0.895237498243789
